# Intensity Error DeltaE [H,0,0] [0,K,0] [0,0,L]
#  shape: 58x1x1x1
4.389945e-01 5.322138e-04 2.500000e-02 5.000000e-01 0.000000e+00 0.000000e+00
7.120624e-02 2.138781e-04 7.500000e-02 5.000000e-01 0.000000e+00 0.000000e+00
2.896125e-03 4.313467e-05 1.250000e-01 5.000000e-01 0.000000e+00 0.000000e+00
2.128453e-03 3.693993e-05 1.750000e-01 5.000000e-01 0.000000e+00 0.000000e+00
1.798209e-03 3.389841e-05 2.250000e-01 5.000000e-01 0.000000e+00 0.000000e+00
1.466081e-03 3.056998e-05 2.750000e-01 5.000000e-01 0.000000e+00 0.000000e+00
1.317882e-03 2.896627e-05 3.250000e-01 5.000000e-01 0.000000e+00 0.000000e+00
1.431661e-03 3.016875e-05 3.750000e-01 5.000000e-01 0.000000e+00 0.000000e+00
1.347867e-03 2.919138e-05 4.250000e-01 5.000000e-01 0.000000e+00 0.000000e+00
1.149188e-03 2.690791e-05 4.750000e-01 5.000000e-01 0.000000e+00 0.000000e+00
1.295142e-03 2.852164e-05 5.250000e-01 5.000000e-01 0.000000e+00 0.000000e+00
1.194285e-03 2.731275e-05 5.750000e-01 5.000000e-01 0.000000e+00 0.000000e+00
1.273476e-03 2.812648e-05 6.250000e-01 5.000000e-01 0.000000e+00 0.000000e+00
1.319516e-03 2.857739e-05 6.750000e-01 5.000000e-01 0.000000e+00 0.000000e+00
1.399289e-03 2.931785e-05 7.250000e-01 5.000000e-01 0.000000e+00 0.000000e+00
1.808473e-03 3.316220e-05 7.750000e-01 5.000000e-01 0.000000e+00 0.000000e+00
1.995884e-03 3.468103e-05 8.250000e-01 5.000000e-01 0.000000e+00 0.000000e+00
2.135256e-03 3.565714e-05 8.750000e-01 5.000000e-01 0.000000e+00 0.000000e+00
2.193057e-03 3.592778e-05 9.250000e-01 5.000000e-01 0.000000e+00 0.000000e+00
2.460111e-03 3.787044e-05 9.750000e-01 5.000000e-01 0.000000e+00 0.000000e+00
2.481409e-03 3.777111e-05 1.025000e+00 5.000000e-01 0.000000e+00 0.000000e+00
2.311482e-03 3.625899e-05 1.075000e+00 5.000000e-01 0.000000e+00 0.000000e+00
2.334594e-03 3.621395e-05 1.125000e+00 5.000000e-01 0.000000e+00 0.000000e+00
2.390573e-03 3.647307e-05 1.175000e+00 5.000000e-01 0.000000e+00 0.000000e+00
2.230619e-03 3.509436e-05 1.225000e+00 5.000000e-01 0.000000e+00 0.000000e+00
2.107759e-03 3.392578e-05 1.275000e+00 5.000000e-01 0.000000e+00 0.000000e+00
2.024897e-03 3.311083e-05 1.325000e+00 5.000000e-01 0.000000e+00 0.000000e+00
2.011187e-03 3.279908e-05 1.375000e+00 5.000000e-01 0.000000e+00 0.000000e+00
2.037461e-03 3.287106e-05 1.425000e+00 5.000000e-01 0.000000e+00 0.000000e+00
1.979940e-03 3.219546e-05 1.475000e+00 5.000000e-01 0.000000e+00 0.000000e+00
1.823688e-03 3.072105e-05 1.525000e+00 5.000000e-01 0.000000e+00 0.000000e+00
1.784461e-03 3.020633e-05 1.575000e+00 5.000000e-01 0.000000e+00 0.000000e+00
1.683072e-03 2.914899e-05 1.625000e+00 5.000000e-01 0.000000e+00 0.000000e+00
1.566317e-03 2.792572e-05 1.675000e+00 5.000000e-01 0.000000e+00 0.000000e+00
1.581168e-03 2.786469e-05 1.725000e+00 5.000000e-01 0.000000e+00 0.000000e+00
1.435783e-03 2.636381e-05 1.775000e+00 5.000000e-01 0.000000e+00 0.000000e+00
1.332754e-03 2.522305e-05 1.825000e+00 5.000000e-01 0.000000e+00 0.000000e+00
1.297893e-03 2.470528e-05 1.875000e+00 5.000000e-01 0.000000e+00 0.000000e+00
1.220254e-03 2.376748e-05 1.925000e+00 5.000000e-01 0.000000e+00 0.000000e+00
1.117467e-03 2.256736e-05 1.975000e+00 5.000000e-01 0.000000e+00 0.000000e+00
1.043443e-03 2.164500e-05 2.025000e+00 5.000000e-01 0.000000e+00 0.000000e+00
8.907629e-04 1.983921e-05 2.075000e+00 5.000000e-01 0.000000e+00 0.000000e+00
9.043691e-04 1.982998e-05 2.125000e+00 5.000000e-01 0.000000e+00 0.000000e+00
7.783143e-04 1.824433e-05 2.175000e+00 5.000000e-01 0.000000e+00 0.000000e+00
6.454492e-04 1.649081e-05 2.225000e+00 5.000000e-01 0.000000e+00 0.000000e+00
5.884200e-04 1.560445e-05 2.275000e+00 5.000000e-01 0.000000e+00 0.000000e+00
5.556226e-04 1.501171e-05 2.325000e+00 5.000000e-01 0.000000e+00 0.000000e+00
4.900060e-04 1.393810e-05 2.375000e+00 5.000000e-01 0.000000e+00 0.000000e+00
5.142860e-04 1.409182e-05 2.425000e+00 5.000000e-01 0.000000e+00 0.000000e+00
5.038859e-04 1.372471e-05 2.475000e+00 5.000000e-01 0.000000e+00 0.000000e+00
5.842842e-04 1.450828e-05 2.525000e+00 5.000000e-01 0.000000e+00 0.000000e+00
5.569835e-04 1.389057e-05 2.575000e+00 5.000000e-01 0.000000e+00 0.000000e+00
5.926037e-04 1.402318e-05 2.625000e+00 5.000000e-01 0.000000e+00 0.000000e+00
6.318545e-04 1.412963e-05 2.675000e+00 5.000000e-01 0.000000e+00 0.000000e+00
6.801626e-04 1.425179e-05 2.725000e+00 5.000000e-01 0.000000e+00 0.000000e+00
7.459782e-04 1.443264e-05 2.775000e+00 5.000000e-01 0.000000e+00 0.000000e+00
8.853844e-04 1.513695e-05 2.825000e+00 5.000000e-01 0.000000e+00 0.000000e+00
1.092826e-03 1.628211e-05 2.875000e+00 5.000000e-01 0.000000e+00 0.000000e+00
