# Intensity Error DeltaE [H,0,0] [0,K,0] [0,0,L]
#  shape: 58x1x1x1
4.463513e-01 5.708491e-04 2.500000e-02 5.000000e-01 0.000000e+00 0.000000e+00
7.898373e-02 2.400714e-04 7.500000e-02 5.000000e-01 0.000000e+00 0.000000e+00
1.051228e-02 8.772451e-05 1.250000e-01 5.000000e-01 0.000000e+00 0.000000e+00
9.551216e-03 8.364775e-05 1.750000e-01 5.000000e-01 0.000000e+00 0.000000e+00
8.912820e-03 8.085896e-05 2.250000e-01 5.000000e-01 0.000000e+00 0.000000e+00
8.581315e-03 7.941599e-05 2.750000e-01 5.000000e-01 0.000000e+00 0.000000e+00
8.241486e-03 7.799341e-05 3.250000e-01 5.000000e-01 0.000000e+00 0.000000e+00
8.105362e-03 7.748637e-05 3.750000e-01 5.000000e-01 0.000000e+00 0.000000e+00
7.684373e-03 7.541700e-05 4.250000e-01 5.000000e-01 0.000000e+00 0.000000e+00
7.369494e-03 7.389496e-05 4.750000e-01 5.000000e-01 0.000000e+00 0.000000e+00
6.608998e-03 6.999257e-05 5.250000e-01 5.000000e-01 0.000000e+00 0.000000e+00
6.440423e-03 6.908852e-05 5.750000e-01 5.000000e-01 0.000000e+00 0.000000e+00
6.032773e-03 6.685794e-05 6.250000e-01 5.000000e-01 0.000000e+00 0.000000e+00
5.618242e-03 6.457347e-05 6.750000e-01 5.000000e-01 0.000000e+00 0.000000e+00
5.195602e-03 6.202871e-05 7.250000e-01 5.000000e-01 0.000000e+00 0.000000e+00
4.804756e-03 5.948618e-05 7.750000e-01 5.000000e-01 0.000000e+00 0.000000e+00
4.574505e-03 5.786364e-05 8.250000e-01 5.000000e-01 0.000000e+00 0.000000e+00
4.299872e-03 5.586629e-05 8.750000e-01 5.000000e-01 0.000000e+00 0.000000e+00
3.842426e-03 5.262139e-05 9.250000e-01 5.000000e-01 0.000000e+00 0.000000e+00
3.538598e-03 5.033637e-05 9.750000e-01 5.000000e-01 0.000000e+00 0.000000e+00
3.100122e-03 4.684290e-05 1.025000e+00 5.000000e-01 0.000000e+00 0.000000e+00
2.650011e-03 4.309126e-05 1.075000e+00 5.000000e-01 0.000000e+00 0.000000e+00
2.551326e-03 4.201194e-05 1.125000e+00 5.000000e-01 0.000000e+00 0.000000e+00
2.129207e-03 3.815584e-05 1.175000e+00 5.000000e-01 0.000000e+00 0.000000e+00
1.983473e-03 3.659341e-05 1.225000e+00 5.000000e-01 0.000000e+00 0.000000e+00
1.699487e-03 3.357615e-05 1.275000e+00 5.000000e-01 0.000000e+00 0.000000e+00
1.408885e-03 3.032861e-05 1.325000e+00 5.000000e-01 0.000000e+00 0.000000e+00
1.379835e-03 2.973085e-05 1.375000e+00 5.000000e-01 0.000000e+00 0.000000e+00
1.189379e-03 2.737299e-05 1.425000e+00 5.000000e-01 0.000000e+00 0.000000e+00
1.093675e-03 2.596658e-05 1.475000e+00 5.000000e-01 0.000000e+00 0.000000e+00
9.780499e-04 2.430004e-05 1.525000e+00 5.000000e-01 0.000000e+00 0.000000e+00
8.524207e-04 2.244786e-05 1.575000e+00 5.000000e-01 0.000000e+00 0.000000e+00
8.286517e-04 2.189801e-05 1.625000e+00 5.000000e-01 0.000000e+00 0.000000e+00
6.548885e-04 1.924495e-05 1.675000e+00 5.000000e-01 0.000000e+00 0.000000e+00
7.059038e-04 1.974626e-05 1.725000e+00 5.000000e-01 0.000000e+00 0.000000e+00
5.966623e-04 1.794139e-05 1.775000e+00 5.000000e-01 0.000000e+00 0.000000e+00
5.802704e-04 1.749601e-05 1.825000e+00 5.000000e-01 0.000000e+00 0.000000e+00
5.249825e-04 1.643802e-05 1.875000e+00 5.000000e-01 0.000000e+00 0.000000e+00
4.947241e-04 1.577141e-05 1.925000e+00 5.000000e-01 0.000000e+00 0.000000e+00
4.540070e-04 1.491980e-05 1.975000e+00 5.000000e-01 0.000000e+00 0.000000e+00
4.295670e-04 1.433507e-05 2.025000e+00 5.000000e-01 0.000000e+00 0.000000e+00
4.876677e-04 1.507874e-05 2.075000e+00 5.000000e-01 0.000000e+00 0.000000e+00
4.392759e-04 1.413372e-05 2.125000e+00 5.000000e-01 0.000000e+00 0.000000e+00
4.366659e-04 1.390656e-05 2.175000e+00 5.000000e-01 0.000000e+00 0.000000e+00
5.072819e-04 1.481817e-05 2.225000e+00 5.000000e-01 0.000000e+00 0.000000e+00
4.978175e-04 1.449239e-05 2.275000e+00 5.000000e-01 0.000000e+00 0.000000e+00
4.310380e-04 1.331516e-05 2.325000e+00 5.000000e-01 0.000000e+00 0.000000e+00
4.622391e-04 1.359566e-05 2.375000e+00 5.000000e-01 0.000000e+00 0.000000e+00
4.833094e-04 1.368144e-05 2.425000e+00 5.000000e-01 0.000000e+00 0.000000e+00
5.496321e-04 1.433605e-05 2.475000e+00 5.000000e-01 0.000000e+00 0.000000e+00
5.226191e-04 1.374422e-05 2.525000e+00 5.000000e-01 0.000000e+00 0.000000e+00
5.534203e-04 1.388833e-05 2.575000e+00 5.000000e-01 0.000000e+00 0.000000e+00
6.531352e-04 1.479142e-05 2.625000e+00 5.000000e-01 0.000000e+00 0.000000e+00
7.052800e-04 1.503756e-05 2.675000e+00 5.000000e-01 0.000000e+00 0.000000e+00
7.342582e-04 1.497659e-05 2.725000e+00 5.000000e-01 0.000000e+00 0.000000e+00
8.520068e-04 1.566688e-05 2.775000e+00 5.000000e-01 0.000000e+00 0.000000e+00
1.051660e-03 1.685910e-05 2.825000e+00 5.000000e-01 0.000000e+00 0.000000e+00
1.223312e-03 1.771842e-05 2.875000e+00 5.000000e-01 0.000000e+00 0.000000e+00
