# Intensity Error DeltaE [0,K,0] [0,0,L] [H,0,0]
#  shape: 80x1x1x1
3.140614e-01 6.830819e-04 2.500000e-02 0.000000e+00 0.000000e+00 5.000000e-01
1.685321e-01 4.993511e-04 7.500000e-02 0.000000e+00 0.000000e+00 5.000000e-01
4.284134e-02 2.512529e-04 1.250000e-01 0.000000e+00 0.000000e+00 5.000000e-01
1.695315e-02 1.577057e-04 1.750000e-01 0.000000e+00 0.000000e+00 5.000000e-01
1.288528e-02 1.373578e-04 2.250000e-01 0.000000e+00 0.000000e+00 5.000000e-01
9.896229e-03 1.202574e-04 2.750000e-01 0.000000e+00 0.000000e+00 5.000000e-01
8.076673e-03 1.084534e-04 3.250000e-01 0.000000e+00 0.000000e+00 5.000000e-01
7.479820e-03 1.041682e-04 3.750000e-01 0.000000e+00 0.000000e+00 5.000000e-01
6.815849e-03 9.946184e-05 4.250000e-01 0.000000e+00 0.000000e+00 5.000000e-01
6.471901e-03 9.690921e-05 4.750000e-01 0.000000e+00 0.000000e+00 5.000000e-01
6.436384e-03 9.648562e-05 5.250000e-01 0.000000e+00 0.000000e+00 5.000000e-01
5.806202e-03 9.153007e-05 5.750000e-01 0.000000e+00 0.000000e+00 5.000000e-01
5.724835e-03 9.083621e-05 6.250000e-01 0.000000e+00 0.000000e+00 5.000000e-01
5.461674e-03 8.855358e-05 6.750000e-01 0.000000e+00 0.000000e+00 5.000000e-01
5.128716e-03 8.562156e-05 7.250000e-01 0.000000e+00 0.000000e+00 5.000000e-01
4.428492e-03 7.935919e-05 7.750000e-01 0.000000e+00 0.000000e+00 5.000000e-01
4.585862e-03 8.066516e-05 8.250000e-01 0.000000e+00 0.000000e+00 5.000000e-01
3.551137e-03 7.082483e-05 8.750000e-01 0.000000e+00 0.000000e+00 5.000000e-01
3.488768e-03 6.999985e-05 9.250000e-01 0.000000e+00 0.000000e+00 5.000000e-01
3.269282e-03 6.764205e-05 9.750000e-01 0.000000e+00 0.000000e+00 5.000000e-01
2.900915e-03 6.366814e-05 1.025000e+00 0.000000e+00 0.000000e+00 5.000000e-01
2.522645e-03 5.922953e-05 1.075000e+00 0.000000e+00 0.000000e+00 5.000000e-01
2.387804e-03 5.747501e-05 1.125000e+00 0.000000e+00 0.000000e+00 5.000000e-01
1.816377e-03 4.995640e-05 1.175000e+00 0.000000e+00 0.000000e+00 5.000000e-01
1.694796e-03 4.809029e-05 1.225000e+00 0.000000e+00 0.000000e+00 5.000000e-01
1.649064e-03 4.725142e-05 1.275000e+00 0.000000e+00 0.000000e+00 5.000000e-01
1.613172e-03 4.652960e-05 1.325000e+00 0.000000e+00 0.000000e+00 5.000000e-01
1.247807e-03 4.069907e-05 1.375000e+00 0.000000e+00 0.000000e+00 5.000000e-01
1.127919e-03 3.850662e-05 1.425000e+00 0.000000e+00 0.000000e+00 5.000000e-01
9.885934e-04 3.590742e-05 1.475000e+00 0.000000e+00 0.000000e+00 5.000000e-01
9.405439e-04 3.485897e-05 1.525000e+00 0.000000e+00 0.000000e+00 5.000000e-01
8.094943e-04 3.220003e-05 1.575000e+00 0.000000e+00 0.000000e+00 5.000000e-01
6.309981e-04 2.827576e-05 1.625000e+00 0.000000e+00 0.000000e+00 5.000000e-01
7.507336e-04 3.069987e-05 1.675000e+00 0.000000e+00 0.000000e+00 5.000000e-01
6.768597e-04 2.902020e-05 1.725000e+00 0.000000e+00 0.000000e+00 5.000000e-01
5.798627e-04 2.674716e-05 1.775000e+00 0.000000e+00 0.000000e+00 5.000000e-01
4.881516e-04 2.446890e-05 1.825000e+00 0.000000e+00 0.000000e+00 5.000000e-01
6.023738e-04 2.710217e-05 1.875000e+00 0.000000e+00 0.000000e+00 5.000000e-01
6.997809e-04 2.910714e-05 1.925000e+00 0.000000e+00 0.000000e+00 5.000000e-01
8.949889e-04 3.276798e-05 1.975000e+00 0.000000e+00 0.000000e+00 5.000000e-01
1.451917e-03 4.156843e-05 2.025000e+00 0.000000e+00 0.000000e+00 5.000000e-01
1.950850e-03 4.796867e-05 2.075000e+00 0.000000e+00 0.000000e+00 5.000000e-01
1.840312e-03 4.635698e-05 2.125000e+00 0.000000e+00 0.000000e+00 5.000000e-01
1.291354e-03 3.865583e-05 2.175000e+00 0.000000e+00 0.000000e+00 5.000000e-01
6.989953e-04 2.830160e-05 2.225000e+00 0.000000e+00 0.000000e+00 5.000000e-01
4.549943e-04 2.269314e-05 2.275000e+00 0.000000e+00 0.000000e+00 5.000000e-01
4.806734e-04 2.318024e-05 2.325000e+00 0.000000e+00 0.000000e+00 5.000000e-01
3.842766e-04 2.059951e-05 2.375000e+00 0.000000e+00 0.000000e+00 5.000000e-01
3.174544e-04 1.857771e-05 2.425000e+00 0.000000e+00 0.000000e+00 5.000000e-01
3.538207e-04 1.947729e-05 2.475000e+00 0.000000e+00 0.000000e+00 5.000000e-01
3.268008e-04 1.856114e-05 2.525000e+00 0.000000e+00 0.000000e+00 5.000000e-01
2.949387e-04 1.750149e-05 2.575000e+00 0.000000e+00 0.000000e+00 5.000000e-01
3.120406e-04 1.783829e-05 2.625000e+00 0.000000e+00 0.000000e+00 5.000000e-01
3.031774e-04 1.744601e-05 2.675000e+00 0.000000e+00 0.000000e+00 5.000000e-01
3.230041e-04 1.783503e-05 2.725000e+00 0.000000e+00 0.000000e+00 5.000000e-01
2.944010e-04 1.688518e-05 2.775000e+00 0.000000e+00 0.000000e+00 5.000000e-01
3.251303e-04 1.758117e-05 2.825000e+00 0.000000e+00 0.000000e+00 5.000000e-01
3.135815e-04 1.710740e-05 2.875000e+00 0.000000e+00 0.000000e+00 5.000000e-01
2.673969e-04 1.564834e-05 2.925000e+00 0.000000e+00 0.000000e+00 5.000000e-01
2.988251e-04 1.640030e-05 2.975000e+00 0.000000e+00 0.000000e+00 5.000000e-01
2.586105e-04 1.513417e-05 3.025000e+00 0.000000e+00 0.000000e+00 5.000000e-01
2.487926e-04 1.471157e-05 3.075000e+00 0.000000e+00 0.000000e+00 5.000000e-01
2.841710e-04 1.559609e-05 3.125000e+00 0.000000e+00 0.000000e+00 5.000000e-01
2.987229e-04 1.583248e-05 3.175000e+00 0.000000e+00 0.000000e+00 5.000000e-01
2.785386e-04 1.515067e-05 3.225000e+00 0.000000e+00 0.000000e+00 5.000000e-01
3.209335e-04 1.608716e-05 3.275000e+00 0.000000e+00 0.000000e+00 5.000000e-01
3.463489e-04 1.651173e-05 3.325000e+00 0.000000e+00 0.000000e+00 5.000000e-01
2.999563e-04 1.515029e-05 3.375000e+00 0.000000e+00 0.000000e+00 5.000000e-01
2.876885e-04 1.460544e-05 3.425000e+00 0.000000e+00 0.000000e+00 5.000000e-01
3.247156e-04 1.523989e-05 3.475000e+00 0.000000e+00 0.000000e+00 5.000000e-01
3.899398e-04 1.639077e-05 3.525000e+00 0.000000e+00 0.000000e+00 5.000000e-01
3.858662e-04 1.602253e-05 3.575000e+00 0.000000e+00 0.000000e+00 5.000000e-01
3.555824e-04 1.516245e-05 3.625000e+00 0.000000e+00 0.000000e+00 5.000000e-01
3.702625e-04 1.532197e-05 3.675000e+00 0.000000e+00 0.000000e+00 5.000000e-01
3.610466e-04 1.501798e-05 3.725000e+00 0.000000e+00 0.000000e+00 5.000000e-01
4.924915e-04 1.747847e-05 3.775000e+00 0.000000e+00 0.000000e+00 5.000000e-01
4.841265e-04 1.726879e-05 3.825000e+00 0.000000e+00 0.000000e+00 5.000000e-01
5.249199e-04 1.794214e-05 3.875000e+00 0.000000e+00 0.000000e+00 5.000000e-01
5.479443e-04 1.830639e-05 3.925000e+00 0.000000e+00 0.000000e+00 5.000000e-01
5.756536e-04 1.879680e-05 3.975000e+00 0.000000e+00 0.000000e+00 5.000000e-01
