# Intensity Error DeltaE [0,K,0] [0,0,L] [H,0,0]
#  shape: 66x1x1x1
3.016447e+00 2.073796e-03 2.500000e-02 1.000000e+00 0.000000e+00 0.000000e+00
1.493781e+00 1.456529e-03 7.500000e-02 1.000000e+00 0.000000e+00 0.000000e+00
2.964412e-01 6.484279e-04 1.250000e-01 1.000000e+00 0.000000e+00 0.000000e+00
6.571315e-02 3.047509e-04 1.750000e-01 1.000000e+00 0.000000e+00 0.000000e+00
1.979393e-02 1.673013e-04 2.250000e-01 1.000000e+00 0.000000e+00 0.000000e+00
4.846912e-03 8.290480e-05 2.750000e-01 1.000000e+00 0.000000e+00 0.000000e+00
2.018625e-03 5.360658e-05 3.250000e-01 1.000000e+00 0.000000e+00 0.000000e+00
1.643984e-03 4.852072e-05 3.750000e-01 1.000000e+00 0.000000e+00 0.000000e+00
1.448374e-03 4.566487e-05 4.250000e-01 1.000000e+00 0.000000e+00 0.000000e+00
1.323957e-03 4.384066e-05 4.750000e-01 1.000000e+00 0.000000e+00 0.000000e+00
1.029489e-03 3.885559e-05 5.250000e-01 1.000000e+00 0.000000e+00 0.000000e+00
1.070625e-03 3.978954e-05 5.750000e-01 1.000000e+00 0.000000e+00 0.000000e+00
8.753256e-04 3.615942e-05 6.250000e-01 1.000000e+00 0.000000e+00 0.000000e+00
9.790060e-04 3.839983e-05 6.750000e-01 1.000000e+00 0.000000e+00 0.000000e+00
9.613351e-04 3.830057e-05 7.250000e-01 1.000000e+00 0.000000e+00 0.000000e+00
8.101579e-04 3.539197e-05 7.750000e-01 1.000000e+00 0.000000e+00 0.000000e+00
8.079297e-04 3.556718e-05 8.250000e-01 1.000000e+00 0.000000e+00 0.000000e+00
8.087922e-04 3.588442e-05 8.750000e-01 1.000000e+00 0.000000e+00 0.000000e+00
7.640024e-04 3.524086e-05 9.250000e-01 1.000000e+00 0.000000e+00 0.000000e+00
7.207915e-04 3.459916e-05 9.750000e-01 1.000000e+00 0.000000e+00 0.000000e+00
7.231460e-04 3.503660e-05 1.025000e+00 1.000000e+00 0.000000e+00 0.000000e+00
7.885830e-04 3.701011e-05 1.075000e+00 1.000000e+00 0.000000e+00 0.000000e+00
6.305524e-04 3.341928e-05 1.125000e+00 1.000000e+00 0.000000e+00 0.000000e+00
8.434646e-04 3.898924e-05 1.175000e+00 1.000000e+00 0.000000e+00 0.000000e+00
8.163597e-04 3.874280e-05 1.225000e+00 1.000000e+00 0.000000e+00 0.000000e+00
8.117888e-04 3.905729e-05 1.275000e+00 1.000000e+00 0.000000e+00 0.000000e+00
8.429710e-04 4.018717e-05 1.325000e+00 1.000000e+00 0.000000e+00 0.000000e+00
1.045600e-03 4.541808e-05 1.375000e+00 1.000000e+00 0.000000e+00 0.000000e+00
1.016889e-03 4.547678e-05 1.425000e+00 1.000000e+00 0.000000e+00 0.000000e+00
9.328067e-04 4.416979e-05 1.475000e+00 1.000000e+00 0.000000e+00 0.000000e+00
1.037213e-03 4.724390e-05 1.525000e+00 1.000000e+00 0.000000e+00 0.000000e+00
1.230998e-03 5.211242e-05 1.575000e+00 1.000000e+00 0.000000e+00 0.000000e+00
8.816853e-04 4.476091e-05 1.625000e+00 1.000000e+00 0.000000e+00 0.000000e+00
9.909032e-04 4.823653e-05 1.675000e+00 1.000000e+00 0.000000e+00 0.000000e+00
1.030754e-03 5.005797e-05 1.725000e+00 1.000000e+00 0.000000e+00 0.000000e+00
1.114804e-03 5.302595e-05 1.775000e+00 1.000000e+00 0.000000e+00 0.000000e+00
9.066146e-04 4.874005e-05 1.825000e+00 1.000000e+00 0.000000e+00 0.000000e+00
1.098418e-03 5.478426e-05 1.875000e+00 1.000000e+00 0.000000e+00 0.000000e+00
1.009890e-03 5.367525e-05 1.925000e+00 1.000000e+00 0.000000e+00 0.000000e+00
9.521565e-04 5.339448e-05 1.975000e+00 1.000000e+00 0.000000e+00 0.000000e+00
8.666616e-04 5.216710e-05 2.025000e+00 1.000000e+00 0.000000e+00 0.000000e+00
1.055752e-03 5.901857e-05 2.075000e+00 1.000000e+00 0.000000e+00 0.000000e+00
1.153165e-03 6.347984e-05 2.125000e+00 1.000000e+00 0.000000e+00 0.000000e+00
1.318734e-03 7.009015e-05 2.175000e+00 1.000000e+00 0.000000e+00 0.000000e+00
1.195860e-03 6.927455e-05 2.225000e+00 1.000000e+00 0.000000e+00 0.000000e+00
1.471423e-03 7.933416e-05 2.275000e+00 1.000000e+00 0.000000e+00 0.000000e+00
1.347765e-03 7.860369e-05 2.325000e+00 1.000000e+00 0.000000e+00 0.000000e+00
1.266479e-03 7.915539e-05 2.375000e+00 1.000000e+00 0.000000e+00 0.000000e+00
1.493329e-03 8.988833e-05 2.425000e+00 1.000000e+00 0.000000e+00 0.000000e+00
1.469436e-03 9.293570e-05 2.475000e+00 1.000000e+00 0.000000e+00 0.000000e+00
1.327237e-03 9.202786e-05 2.525000e+00 1.000000e+00 0.000000e+00 0.000000e+00
1.405004e-03 9.934932e-05 2.575000e+00 1.000000e+00 0.000000e+00 0.000000e+00
1.487055e-03 1.078829e-04 2.625000e+00 1.000000e+00 0.000000e+00 0.000000e+00
1.713463e-03 1.211609e-04 2.675000e+00 1.000000e+00 0.000000e+00 0.000000e+00
1.770147e-03 1.297943e-04 2.725000e+00 1.000000e+00 0.000000e+00 0.000000e+00
1.765795e-03 1.387350e-04 2.775000e+00 1.000000e+00 0.000000e+00 0.000000e+00
1.740876e-03 1.460922e-04 2.825000e+00 1.000000e+00 0.000000e+00 0.000000e+00
1.711203e-03 1.549264e-04 2.875000e+00 1.000000e+00 0.000000e+00 0.000000e+00
1.607759e-03 1.640924e-04 2.925000e+00 1.000000e+00 0.000000e+00 0.000000e+00
1.412830e-03 1.665049e-04 2.975000e+00 1.000000e+00 0.000000e+00 0.000000e+00
1.353844e-03 1.809170e-04 3.025000e+00 1.000000e+00 0.000000e+00 0.000000e+00
8.464780e-04 1.599699e-04 3.075000e+00 1.000000e+00 0.000000e+00 0.000000e+00
1.025675e-03 2.011538e-04 3.125000e+00 1.000000e+00 0.000000e+00 0.000000e+00
1.528962e-03 2.889499e-04 3.175000e+00 1.000000e+00 0.000000e+00 0.000000e+00
8.065057e-04 2.550412e-04 3.225000e+00 1.000000e+00 0.000000e+00 0.000000e+00
5.322637e-04 2.661318e-04 3.275000e+00 1.000000e+00 0.000000e+00 0.000000e+00
